[individuals]
2
[landmarks]
677
[dimensions]
3
[name]
Recons_K2_GO
Recons_K2_SM
[rawpoints]
'Recons_K2_GO
-12.114208984375	-42.4368347167969	442.411181640625
-15.3822463989258	-44.5090118408203	433.95634765625
-13.4492034912109	-47.9695892333984	427.745361328125
-13.3483734130859	-51.4749267578125	417.396044921875
-11.405126953125	-51.0411499023438	402.645092773438
-10.8236419677734	-57.0340637207031	395.806298828125
-10.0896881103516	-72.5444091796875	391.377001953125
-17.3371871948242	-77.9924621582031	382.917333984375
-5.95456047058105	-84.1844177246094	364.60908203125
-7.07154922485352	-89.6253356933594	353.413208007813
-8.01540222167969	-87.6719360351563	339.232299804688
-9.2352897644043	-91.0812377929688	330.059912109375
-12.8891189575195	-82.0388977050781	324.776733398438
-14.9428192138672	-80.2464416503906	311.810546875
-20.3018126140508	-79.3911645204369	298.68802897154
-20.7350950160997	-89.6282551382432	285.953429258789
-22.4716560272238	-80.8415018340128	276.164216413616
-23.4401846335618	-92.6088965038426	265.325278730564
-24.4523514861821	-88.0517767059473	257.313306408425
-23.3342971801758	-94.9708862304688	244.350756835938
-30.8191253662109	-101.790911865234	225.220947265625
-27.8982025146484	-99.1049743652344	212.5267578125
22.204133605957	-43.4356201171875	436.26005859375
25.2222991943359	-45.5092010498047	427.554296875
27.0287780761719	-46.1148712158203	424.8765625
25.2258605957031	-50.9545593261719	415.096875
26.2589538574219	-51.3799682617188	400.649291992188
24.8935485839844	-59.8334899902344	395.262890625
22.9311264038086	-71.7628967285156	390.55673828125
22.4719619750977	-70.9132202148438	379.94287109375
21.4876388549805	-77.512158203125	367.357861328125
22.031640625	-78.5096740722656	356.905029296875
26.6133502106784	-77.5146630702579	343.50685282352
25.4008972167969	-82.959228515625	329.623608398438
28.8803980232995	-78.3328760617275	319.172161126216
23.398454284668	-84.2595092773438	305.613525390625
25.6623895403973	-78.4251237925124	295.700455005425
22.3960684254019	-86.8725473746012	282.834290943533
24.2940043058868	-83.2765223555428	271.736566156981
19.2955130686682	-91.4202838196185	259.228216260561
23.4504004459546	-85.1583914262573	247.206892668682
20.9204485723896	-94.8840820051721	235.685857324712
16.7864791870117	-94.8622314453125	219.333081054688
13.9280471801758	-92.09873046875	206.615625
-53.9251647949219	-5.74413375854492	414.777490234375
-68.9789733886719	2.07132396697998	405.573559570313
-51.5099304199219	36.6327270507813	377.33408203125
-56.5792602539063	46.1598327636719	364.830712890625
-58.4759338378906	75.0968017578125	342.18974609375
-68.8095642089844	72.8087768554688	329.7677734375
-73.8928955078125	92.180078125	304.620874023438
-81.7189208984375	93.0459289550781	286.07958984375
-84.6445495605469	93.4840026855469	273.545166015625
-90.5217712402344	93.0345031738281	255.7380859375
-93.3322814941406	89.8800537109375	249.72001953125
-101.747985839844	91.3478637695313	229.793237304688
-108.553723144531	92.9926086425781	215.519091796875
-120.26181640625	97.5210815429688	201.307873535156
-134.939495742388	76.6870647283298	182.303677706323
-147.237566087498	59.9653616732244	173.18832429497
-153.682698018187	34.3294681304746	152.101307314892
-156.497947404314	29.4710547962538	140.527780621073
-165.306854143048	10.4164271691376	134.299159414605
-165.031237792969	1.65801391601563	124.239416503906
-165.887194824219	-32.7366516113281	122.451928710938
-162.367785644531	-38.5339904785156	116.757177734375
45.3198760986328	4.82971496582031	405.799682617188
54.446240234375	17.1792633056641	395.101782226563
52.6236999511719	37.0862915039063	366.155004882813
57.0490112304688	46.6765899658203	353.67568359375
52.7105203037206	63.1963159725946	330.744840992427
54.8308711325452	70.4702033307594	313.662169380144
59.4656066894531	88.7095703125	286.811279296875
64.2107482910156	89.0306091308594	267.625415039063
73.7849731445313	85.0345153808594	252.208959960938
73.54619140625	84.8211669921875	235.431298828125
87.661112720757	78.7538862491634	223.459443926066
91.6557759027522	80.5743679360076	211.083932800166
119.84169921875	70.1058654785156	191.616821289063
124.104309082031	66.65498046875	175.911010742188
138.566329330057	48.2155150996535	160.081169217701
137.144291698144	43.5501032879729	149.444220330735
141.184436035156	19.7714385986328	141.453869628906
141.177160644531	19.2528076171875	129.426672363281
144.390686035156	14.7487411499023	103.123522949219
140.493762207031	8.34524765014648	97.584326171875
140.354614257813	-22.1644180297852	104.272692871094
135.60908203125	-26.9531951904297	99.0233581542969
2.90930461883545	-32.5856903076172	425.501220703125
8.42584762573242	30.1832702636719	407.535522460938
-20.1641403198242	29.5332580566406	406.228149414063
5.8366455078125	52.3449462890625	363.37314453125
-18.4595962524414	53.6901672363281	363.625463867188
-7.85647964477539	45.8640747070313	386.989721679688
11.7746147155762	57.8087707519531	356.389111328125
-19.6334335327148	58.2240356445313	358.27685546875
-21.7969360351563	75.2755737304688	329.793627929688
-23.4499465942383	79.1170654296875	317.922094726563
-24.8620742797852	85.7596557617188	302.76083984375
-25.9175415039063	97.5929138183594	283.228735351563
-14.731884765625	99.5651000976563	274.06982421875
-2.26060962677002	95.4187438964844	277.645678710938
7.89878845214844	86.088232421875	298.410327148438
9.48540496826172	80.4325561523438	311.358837890625
7.83862075805664	73.3270263671875	328.713989257813
-20.8416479278392	-44.8156959687993	439.907876031677
-25.5999274905809	-45.0992137391511	438.65638189293
-31.3308749496026	-45.1207379993046	437.367714971675
-37.1439588632444	-45.3759806026863	436.012144641599
-42.4251371555919	-44.155809805821	433.829298839322
-46.6913729678823	-40.7599679232182	430.981603940056
-49.4173862144337	-37.0436559694599	428.965518743418
-51.2630454586438	-32.2366569030914	427.144831433225
-51.3878817077111	-27.0370850810468	425.518728330763
-51.1019246924523	-22.6426894855121	423.993571142111
-51.4128281556522	-18.429827008337	422.095463564582
-52.161623875095	-14.3595392735306	419.894466509452
-52.9569683355018	-10.4251324181924	417.572635367046
31.7981781856969	-40.0979175404713	433.651386767355
36.4276488823918	-39.3742712122514	432.326134074597
40.8675878371892	-38.6228281157058	430.954112606071
45.2446536562807	-36.9423882752717	429.380602939658
49.0764570902319	-34.154796711721	427.504146125165
51.9864684072756	-30.5861323851858	425.130329738606
53.7199979316418	-26.2620327128353	422.283945470322
53.6689511028645	-21.1707961230946	419.733693237036
51.919900963043	-15.9576822982644	417.973480788752
50.149055347867	-11.65303402846	416.29451811844
48.6921377735124	-7.50737263003294	414.008392639795
47.3535340176382	-3.04580814023036	411.078329398035
46.2617771523929	0.932009565982751	408.340872474702
-23.6027288755856	-55.3891514952488	426.589811554367
-34.9431443172409	-60.5471589575224	426.096952663147
-47.4100196163703	-63.1821282915962	424.171809553694
-59.7199861098363	-61.6539449716476	420.576718719545
-70.4429623382151	-56.0577329159347	416.43291722669
-77.8855168641622	-48.7265268018365	411.868822960996
-82.2083220707908	-37.6981034101273	405.265235038583
-82.2314839019963	-27.3339226938843	399.938354289635
-80.9875316224462	-17.9586799060852	395.517073663286
-78.9647314098245	-8.60932655927238	391.192186383821
-75.7918938785963	1.26149547565834	387.067071813609
-70.5606196910846	13.4215063338187	383.494803887712
-62.7493582413699	26.3176483089565	379.75064491384
35.7847387089026	-51.1146755525013	423.157133154217
45.3153273655161	-55.0221329150508	422.136193946887
55.1553385297115	-57.3321246725875	421.680161330527
65.0498635234575	-58.0145393667582	420.460477267794
74.8529891668387	-55.3149866140008	416.507627187031
84.2055430088659	-48.7078977584471	410.29928224092
91.3919879553352	-37.5016043793935	402.754166747615
91.7854498233337	-24.1803292978174	394.365513357601
88.5091641754837	-10.8996249590914	386.476709274468
83.4857072838734	1.87167181281071	380.432744201323
77.4101764017341	12.7845672469273	375.581703510301
70.9588199943638	22.1412113468528	371.177883837913
63.5145464845653	29.8163746740921	367.903683668073
-21.5933989099115	-67.9025075183761	411.323612202666
-37.3050290929345	-77.0890403023966	414.760477411301
-55.1268872303641	-79.2907761744994	414.057008304722
-73.0337823874888	-74.0349765848798	410.334741693927
-86.0025993676149	-64.268769163979	403.120870577865
-94.1130936032273	-51.6156573520814	394.420132415228
-98.3704702827429	-36.8208539566553	386.953477147325
-99.9028429522722	-21.8576387457354	380.189719834275
-99.3099116703405	-7.26172252449981	372.96237093478
-97.2475829437361	7.89522636177561	366.119833526029
-92.9242091362674	24.172646060265	360.284719424798
-84.8548682014038	40.8180055590673	354.160676680017
-73.9995435306424	57.3025768092961	347.609603945326
34.5364392547172	-65.3354595949581	408.250577396767
47.303657357681	-73.1081816043628	413.063802573141
61.7495640167139	-77.3869199207913	411.539208278963
77.2255142784333	-76.1054460889847	408.719736826903
91.3043813494575	-68.9937047828744	402.692309795688
101.824698543391	-58.6622433737914	393.417187310818
107.774323933605	-43.3955359413263	382.042395826804
108.746281842189	-25.9397851986037	372.634643894659
106.13220504594	-9.76602003052429	364.067661705858
100.730058258802	5.23049576230279	355.316055253187
93.8092574246014	21.2863918824743	348.928007933417
83.9710086527477	36.7977245611758	342.776576238956
70.0193064735598	50.4841527810958	337.360950041334
-20.729931223588	-81.6149780994474	394.174624061551
-36.992818805473	-91.7688370162334	393.137282652539
-57.7486702709111	-94.1564055096701	387.498268270463
-77.7377687721912	-85.3785485601076	382.152720545754
-91.7147890069216	-72.5556485614897	375.744540000606
-102.074819702361	-56.6908704246222	369.178668120867
-108.517094269637	-39.6294296848741	362.112004130033
-112.167362570756	-22.6219560285442	354.274965571696
-113.773764726707	-5.30071560815861	346.684208986415
-113.614042175149	13.5337585073201	338.961603198269
-111.113065783267	34.4899950148506	330.822969230365
-102.039248428537	55.8127310356575	321.774167501818
-89.5054465690833	74.5057556469812	311.879456456912
34.8594307316366	-76.9922837752299	391.701976330795
48.8963924839717	-85.8086749293164	390.756462007362
65.9502411096039	-92.0215878375336	385.847368323247
83.1653426514731	-88.486711887028	378.737199308649
97.7592111392765	-78.371252657421	371.761611834776
108.376364700336	-65.8967889109311	364.21419076117
115.531987337539	-49.6383798614556	354.830851581384
119.118658586188	-31.6155283457964	345.343877355755
120.603144424075	-13.5807729086658	335.758073065846
118.447466452966	5.87430244750981	326.330309592129
112.418478767342	25.8790297305453	316.156485433096
101.489190022405	47.2195045592814	305.180680542843
84.0744203472363	69.881810298782	295.020403717263
-21.984363469908	-95.4978673586552	370.208361259658
-39.6280250952554	-103.175985118931	370.083958263167
-61.6248992584968	-105.287829289873	364.655578188358
-85.0955956004024	-97.6735293635443	357.548932598893
-103.700886066346	-81.7193908471838	350.414957486545
-116.067463286207	-61.959849200302	342.401691979765
-123.219611827878	-42.5614266963906	334.474842857414
-127.266320536359	-23.4496596860125	326.911277050974
-128.966578001198	-3.4998225866423	319.213375722166
-128.108510415848	18.0694217727077	310.545337062026
-123.424764225784	41.1270748384792	300.196142636162
-113.394132363849	62.624057478179	289.508997565299
-99.4197557849813	79.6987553688561	280.696238680921
36.7967007461331	-82.0734427050684	368.035161162487
55.1401516036641	-92.853674455703	369.321752558732
74.0799553286729	-101.226950013991	364.435843850964
92.0418520753953	-99.1423860084719	354.185060837113
106.64772267114	-89.9395804382205	343.671277356701
118.729144345069	-76.5080633650743	333.286075783446
128.224754584501	-59.1356401253043	323.361596211228
133.519585086089	-38.9988691521048	312.958354387367
134.145709143824	-18.6316282459619	302.496963273153
131.075996447192	2.65843708298576	290.7767475149
123.136087994868	25.5474456981811	279.243292783889
108.989916287518	48.455676838301	268.850593137948
91.0450403697973	68.6963005191053	258.597096629769
-19.1183939544508	-97.3742176365704	345.007134869643
-39.1187843377559	-106.394740048864	345.089495198453
-61.9542369148461	-110.570750523235	341.705505892134
-85.5740037972777	-103.303041071748	337.863886861079
-104.649070804083	-85.4333356259261	329.384483163689
-115.951580805332	-65.1242889246701	316.520073776646
-127.67729802267	-48.2480498189911	309.705275491862
-135.625976322584	-30.6244080387954	301.650198131933
-140.119771601248	-11.3160987106059	291.838854130677
-140.539044036019	9.51263661517657	281.180707981515
-136.509693531729	31.7816186977222	271.020351968258
-127.646041564037	54.1326421836929	262.369115533639
-112.702375014365	74.4729222994562	255.137773978688
37.5398063583773	-88.3534837339612	347.107684460897
56.9005563587698	-99.6361242583118	343.415876401567
77.302252461595	-104.258479288745	332.211494945574
95.0171569875355	-104.251832870348	322.395136461323
110.24146735539	-94.3347492436483	313.666381375156
122.83148611172	-80.6847671331332	304.533006855735
132.95292694591	-63.9898260877536	294.393102580082
139.502502828098	-44.9545620321291	283.605360180288
142.002834049459	-25.6471868493086	271.698313349911
136.998139507484	-5.49010959043044	260.29541586871
132.347105983666	16.7164024584451	247.626875190964
121.971402172212	39.3792312615068	236.228796331515
106.257974855521	61.4056613772372	230.689921346166
-23.8111870808343	-94.817029089653	325.444819493682
-40.098901777734	-109.592444497559	322.947307030051
-62.2908048746072	-116.83979725958	314.831631517661
-87.1163132899305	-110.400475307085	305.266735557134
-109.861593311752	-95.5651529432754	297.384078266343
-126.215282280029	-77.8807559265945	288.557967931053
-136.881863822724	-59.8770310847609	279.133021186252
-144.467483475078	-40.5911749553795	270.34703722001
-149.580202642515	-19.8214927124722	262.90121347235
-153.14493331562	1.42825021825489	254.105744337181
-152.32649610867	25.3592841163462	246.402604301469
-144.793712468594	48.9330102730877	237.694392250584
-129.926694072005	69.9415537295169	225.697180460045
40.3768145684956	-90.3181413903786	321.663821621075
60.5276275266547	-95.4934163914509	309.341919014844
78.4528714585813	-105.120513362509	299.122492987114
95.6386360105331	-104.136114935204	291.047130214853
111.458871226141	-95.9655927164838	283.690884790482
124.807913006767	-83.1981420417099	274.428443239272
135.404001509957	-67.34655874628	263.374930149885
143.858305842275	-49.378104275479	253.269676249176
147.749048592088	-30.2700653510444	241.790074504975
147.232706905666	-9.29984201664359	230.33597179546
143.670550235892	12.5251016173279	218.664856104117
139.077064088645	34.3665093928949	207.921326694706
130.857712263859	54.1317460889097	198.439440999341
-27.456073440572	-100.193773449666	300.641000747189
-44.2882849598705	-111.768704078265	298.955021945509
-63.8172029173434	-117.863427644062	289.372904997338
-87.4404632831762	-112.213984485118	279.618567188624
-109.155691039409	-100.52099779139	273.600283474221
-126.697380442228	-85.5072921943275	266.93656108951
-139.331293853388	-68.0361444670584	258.549079053054
-148.510637402721	-49.3239148091672	248.969538065285
-155.22285833828	-30.3836730220754	238.776259300066
-159.620788259907	-10.778309515846	227.998571454366
-161.116227182868	10.1026429199157	216.199330414029
-157.073477950305	32.3701944984348	202.43940467253
-145.033142089844	53.2746704101563	188.181494140625
36.8246369802264	-91.855142092008	292.505535678295
53.9016475327942	-101.234401251597	286.848942191814
71.0916668814146	-110.108000787112	274.884173944192
88.8255186502191	-108.180486940672	264.575566615498
104.849510961167	-100.011260096546	255.70164574144
119.206970249325	-88.5220734876694	247.116131345932
130.920765298272	-73.9816363223443	237.199874192634
140.274157098859	-58.4176007694021	225.542669321168
147.295128104828	-41.8996333366938	213.614691146773
150.900016758333	-24.2173277809286	201.520765663223
152.795733891571	-5.70985612754439	189.848352696465
155.256947400661	11.4475047504759	177.900210706287
146.868845391703	32.3333203187114	170.838540624491
-29.7730800022048	-99.3486387989459	277.666775195406
-45.7553542202145	-111.080141280155	277.128125873464
-61.3440181293657	-120.276933787886	268.830751150348
-81.6680614193301	-123.173676619258	259.082560458379
-103.006349316838	-117.989180799475	250.327146468788
-122.468362754251	-106.101740273401	242.399713726227
-137.582273609595	-90.1752432263932	234.431147041815
-148.874300902511	-73.688015289073	224.779582187081
-156.731394126787	-56.7152227650717	213.978616004941
-161.939220594312	-38.8927154830516	204.224827189705
-164.238658603498	-20.6839472901796	193.231142965088
-163.462485211432	-2.16271464899501	181.246876722786
-158.944981185386	13.3882552722929	165.825217076073
34.8540516625362	-99.2926937270479	271.194029702113
50.8906970716169	-108.6381196012	264.250545968012
67.458821242258	-117.438136670337	252.677187617858
85.8335726496504	-116.341382291664	240.529572101766
103.002222585851	-109.639993430699	229.305435757813
119.312334398546	-98.0281461578188	220.176661445515
132.566337427996	-83.1055279367898	210.52085546872
141.695470436685	-66.9244460696927	199.022485713244
147.158620384137	-50.1525496060952	187.507780591744
150.192467671315	-32.4771330885495	177.413459528359
150.889162562241	-15.2065105630691	166.649398816012
149.041061041609	0.76820050333162	156.346146256326
145.037829689411	12.9241098564676	147.290340617792
-34.824503291179	-103.268318651026	256.834585167945
-48.9382543032941	-114.303521374616	250.709884554991
-62.8821893359732	-125.663521195799	239.387275739415
-81.6967245195934	-125.0306102779	230.483414761155
-98.9753674551819	-118.415150991685	221.532085063959
-114.857064275636	-108.10645387304	213.741283273082
-129.274805667327	-96.2515554119722	206.159368636085
-141.573760125768	-83.9920745505856	197.514143770618
-151.444369772238	-71.0907077282047	188.339020435722
-159.655648083546	-57.9252087587765	178.372630309327
-166.09783116505	-43.80478784828	167.319657968041
-169.779557851943	-27.8710357047139	155.292272041258
-170.106348901396	-10.1464181544124	143.492007076241
28.3967425445461	-98.0836176366908	245.513535279584
40.9826088911311	-106.453988955458	239.313834073128
55.4852716106321	-112.48107258153	228.854742993375
71.2737537292679	-113.518294490175	218.302924545204
86.8225218694715	-109.629685038417	208.334440955557
101.251112382039	-100.903807783464	198.809233026084
114.080544533358	-89.0177442816007	189.232061063985
125.584126168366	-76.2943790590044	178.757714346886
135.116916392478	-63.4938419875691	167.527177082419
142.044158906759	-50.278777647438	155.915762989268
146.153718937359	-36.242714566812	143.423730016345
147.966480483097	-20.7962710258129	130.696910534084
147.472239332636	-4.27943964961464	118.004294100253
-38.3731955038978	-107.673795811937	224.171586702619
-49.2989724944939	-114.667480003349	221.197927510071
-62.6484893238071	-119.301056835984	215.247474262135
-76.9282978654158	-121.587352801224	209.497191914151
-90.5407682023095	-120.653591160829	201.184980935934
-103.295638392013	-116.097040380577	192.68103784466
-116.152889745123	-109.344337723942	185.634070695406
-127.887032547208	-101.842726336661	177.464216516499
-137.794768454464	-92.8934927784	168.625937330587
-146.279961162857	-82.6835754481807	159.800376069989
-153.813260009968	-71.9203239042177	150.756967101756
-159.95586137656	-60.6653970168417	141.499287529731
-164.014138626885	-47.9613800444618	132.171196478795
24.4980662945584	-102.666094823739	218.365698599613
33.807278218218	-109.424649188228	211.626501749687
45.680462394764	-112.950657669859	203.239392438983
58.0874818933489	-114.358181308978	194.106272524422
70.5831723557383	-113.364411641031	184.281180983628
83.0676261384449	-110.473690158258	173.789806788056
95.2766211297459	-103.357980883292	165.21594948783
105.836594694685	-94.688054741474	155.837757018919
115.39042615347	-84.8945907463711	146.584526152648
123.71874337124	-74.2364126027711	137.30574229622
130.621269962253	-62.4439185036358	128.136207153723
135.801469860258	-49.6011607131968	119.339432238804
138.806454042864	-35.9792050476181	111.105931320898
-21.1921043199237	-52.0084211957471	440.230491509293
-27.2662435639964	-59.4415496168886	443.951745431221
-35.6926618312075	-61.9143615595812	443.696725602952
-42.8795910699111	-60.5806660488111	441.73094473626
-51.9116590818055	-56.8108165606641	437.896626394085
-59.9795709276782	-51.6865324098321	433.073297572447
-65.7105209639034	-45.3193159240739	427.819513985437
-69.5108350472457	-38.2680184572412	422.683844670002
-71.8339504094129	-30.7303647671588	418.257914520355
-72.9644776391072	-23.4668747669036	414.702975708256
-73.4858731906636	-17.1440639646721	411.681697397148
-73.7422987949174	-11.1179502520774	408.766581270387
-72.4954917210816	-4.77675855911315	406.663937928733
32.128213062339	-48.31961168071	433.00710465052
38.0459668448004	-50.6394924428422	435.618344686377
44.9993972219775	-52.399540500245	436.590415386031
51.9863283672315	-51.3542614498623	436.183343995562
57.8762507166507	-47.6312691892122	434.532360004531
62.5452746371376	-42.8632136014616	431.50683925431
66.4837480229056	-37.8306798848721	427.587695006128
69.7918006603839	-31.8428323724711	422.960496041276
71.8268194600758	-24.4696678912657	417.958643696449
72.2064991342776	-16.8481747962755	412.557769965843
70.887252600213	-8.62353231151916	407.764189738737
68.4706768862972	-0.146569941911001	402.809306552043
64.7081690893273	7.89179408147416	398.349870820275
-25.1219457647762	-64.5858798318649	421.856914400633
-35.7449435807515	-75.3519629261416	421.493325907817
-51.9934035233607	-76.944647184896	419.442668956402
-68.3870985916027	-72.3553106277694	416.069716331994
-82.2764255626755	-64.3166181474924	412.198319587978
-92.3180630947128	-52.8287361050437	407.733465683025
-96.1038824617483	-38.7262491053331	401.611006251685
-95.069744924687	-25.5283221449122	394.656080977922
-93.155801322641	-13.7881823903068	387.694576799369
-89.1589339501938	-1.95195104628709	382.199841041242
-83.53751627166	10.6400517127469	377.016263412912
-76.1213569088593	23.8938699868182	372.04749112237
-66.933147211923	36.6321721944431	367.220982350369
36.2758726369831	-59.3154094498121	419.691831022307
44.917479998144	-68.6076603932616	420.374069632009
57.9285153802613	-72.9367269329605	419.241991341437
70.2254521311226	-71.1085499713778	416.130641682584
82.4166199466104	-66.7433246200505	412.860292413316
94.4466657409986	-58.0895340854774	408.215967972593
104.391200000024	-45.8038145397345	401.904542837813
106.34387581462	-28.510050767011	392.519640214158
102.760627552257	-13.7674412460324	382.720075563173
96.352804954901	0.330522611255859	373.570634658745
88.3401532633096	14.0286990344002	367.343913869571
79.5611640878458	26.5315072713918	361.699783161237
69.4169566699415	37.2804497974089	356.928017341102
-24.2284688220343	-77.1443277522665	404.705461220387
-41.6485773362707	-87.4461600652597	406.987987238565
-60.5362898284659	-89.4366820451073	403.322463379327
-80.5914496484776	-80.0350177070939	398.998396298777
-91.9362202838749	-67.1762384135555	390.970785785087
-99.4975473203369	-51.2929692288202	384.534134530819
-104.79989924027	-36.1150910198429	375.169483492779
-108.03975958125	-20.3579587644352	366.412174368488
-107.977784274173	-4.12947700610621	359.540019295175
-104.028627351457	12.1110130597703	352.672143770161
-96.3064566830972	29.8968570167843	347.248183943995
-86.3214438399617	49.4439051965547	338.948398818836
-75.0258746831751	65.6294998200054	331.643954510255
37.0201116348169	-70.9305706925619	400.853008511371
49.122173513301	-81.5538608867212	404.663826005754
64.9191814249898	-86.862728472674	402.420305348837
81.0961392473577	-85.1566830657964	397.67834963753
96.7486871998967	-76.1215861799775	391.643508584015
106.040780737167	-64.1731139537839	382.139149889741
111.504114338961	-47.5261775764938	374.097374397729
115.316798583472	-30.3532408652161	363.078255741239
114.798164226301	-13.756471912668	353.496450677659
109.890413893656	3.04798465684819	344.580114380284
101.285607400715	20.3159356030086	337.971244682896
87.8596087128955	37.9532771973639	331.043011520023
71.2688866624974	54.530999642526	322.25288948412
-25.9551756434948	-89.7076038484851	384.116479726114
-40.7259817360221	-100.273459854374	381.197283353012
-62.0425076899127	-99.2990401390488	376.478138361782
-81.9476788409004	-89.9525770031583	368.664477425452
-97.0674415925868	-75.0357522234309	361.343151163912
-108.509509192341	-57.3302143232559	354.622440413708
-116.127278847443	-39.7423592505827	347.410537017615
-120.175259589075	-22.1170423679181	339.144020289865
-122.441187511519	-3.25610149109	330.941480084755
-121.220593035471	17.4155655103578	323.134598461
-116.251293756814	39.2060901001897	315.613211274579
-106.490361380633	60.3217481211842	305.8393575709
-93.5660837615676	78.6461867176646	294.514556944796
40.3029482075342	-85.7739463648134	381.202660928752
57.1843845285896	-96.3610169675521	378.710708701467
75.3710266522585	-98.3499203881963	371.942854965751
91.7582790878383	-91.6775059937458	365.171846811072
104.73087291244	-81.698685763009	356.374382334414
114.811590104911	-68.201981995684	347.921349207695
122.288923728652	-50.9720822216208	339.957687709081
126.459242475431	-30.9818236141959	331.062364622019
126.954666265798	-12.6603695818278	319.857333874717
123.972936357859	7.90145381962896	309.322614651452
117.430343137305	29.8917505071499	300.000837564635
104.593573458542	53.2384247303241	290.330085721225
84.915567733403	72.9105566112426	277.626976493879
-24.8875277576843	-99.5953794894799	355.260291661058
-44.2085075748755	-108.651745179191	355.634540926955
-68.0024371339992	-108.962997271848	352.186757758093
-91.2759378867479	-99.8964074445286	345.535687107088
-110.874740395787	-82.5723787788213	337.377982828688
-122.970975592206	-61.0667766763046	329.724141158607
-130.218469590479	-41.9426833389387	321.372555403696
-134.276339260593	-24.1839718651564	311.43895815456
-134.827068032025	-4.29946647466144	301.372579750453
-133.002041422309	18.2604449093778	293.197819634524
-126.909936284552	41.2132443043968	283.344799838987
-116.543695927224	61.5403719790705	272.517036783528
-103.483673123495	80.0330082985025	262.096220558436
41.76227615142	-89.2139549523298	356.23363092709
58.5675325773994	-103.315526961573	356.038663371229
79.9410614374181	-107.853241711115	347.721077018118
97.8019775983977	-100.845491607212	339.24475925569
111.825492555018	-90.1054409386632	328.754861882514
122.976656200524	-76.7110147602618	318.032173908898
131.352537736938	-60.2993553104789	306.529798042843
137.025311549201	-41.3105689303305	295.302613986059
139.570905837643	-20.6579439144762	284.990083404992
136.414542884609	1.4538815091849	275.453707082118
126.572625493952	24.1412284937847	264.035205809095
113.713115476173	47.4412143659693	254.112224290562
95.8832321268233	66.4594276234179	243.944374647888
-27.1619021011326	-96.5155536527063	332.335002148051
-42.8315124436736	-114.217091218757	332.652509629986
-66.9020579251917	-117.37920866498	325.907708908722
-91.0091279131322	-107.115536492483	318.791445072195
-106.360349630348	-80.4358840708404	311.795716211167
-123.357031182435	-66.3082838155747	302.580609805798
-135.391662512872	-50.0169263257655	294.213849581865
-143.645631999824	-31.1466153695604	285.86803087955
-147.549438095254	-10.1477826575777	276.403430612982
-146.429544080143	11.7742790164896	265.96898430551
-140.386615365962	34.8388704740072	255.245053423511
-129.870318416064	57.973990211216	245.425959980747
-114.977637875412	78.4680240977729	236.332848536338
43.9097831392189	-89.0315504381474	332.722987226843
61.9614178857262	-105.877802479497	327.526159572038
81.4487214946928	-113.781473863348	312.394659562995
100.132087986064	-107.267660019787	305.202013537604
114.660892689115	-95.7378695846278	296.776514196632
126.428388396122	-80.8337802185982	287.148413296747
136.097374301033	-63.2513494408539	276.898354770757
142.873601765754	-44.1548706225142	266.203893418891
145.633025006972	-23.571999409723	256.576947087186
144.703092061258	-0.793482450573992	247.107211255235
140.432984526293	23.4178078587573	234.725878833702
128.87465075821	44.1121632070158	222.621444237743
114.544966445895	62.7119984167959	212.141628031194
-27.9800580711565	-100.975141927723	313.611032937798
-43.9452397895436	-117.375063962684	310.291912700561
-66.0402884441663	-120.469048637876	299.877430182394
-91.2345554426581	-114.15519686033	293.845305260855
-112.35231096951	-100.347443166197	284.210647981186
-127.062350629158	-82.4799031508924	275.09203168055
-138.629314176522	-63.8338065231301	267.117833437807
-147.469189697355	-44.0607089957858	259.338369893058
-154.570146874591	-23.8409549101902	250.648544040021
-160.188552723924	-2.04284057342787	242.425367506813
-159.556184417008	23.4989570020337	234.980792096367
-151.346800108898	48.8868907949251	225.281352482844
-137.423464325725	73.5885503298516	214.257423833641
41.343366234542	-95.1014843387902	310.071261856202
56.5006195617968	-107.530326676771	299.891365804934
75.8295964377356	-115.713568719796	286.992691965976
95.3248148046748	-112.466671678267	279.233633648858
111.516205902848	-102.942778678434	270.035577454822
124.340901677361	-89.7745742852559	259.782660482642
134.988359982082	-73.7710958834909	249.429766910422
143.655591153955	-56.1261422844196	239.009020047798
150.342141991978	-38.0223406996534	227.325126783872
153.444974363858	-17.8246198108074	216.79539117205
152.506090385261	3.65046924814047	207.193824196963
148.090994576388	24.3142321624512	197.802033236758
138.19683315591	44.6801261477303	187.364067502483
-29.9506329622915	-110.507039189181	292.340513993391
-45.0760423811963	-118.787109363431	285.02024502122
-63.4136803366023	-124.846915820634	273.382119314158
-86.9456493061085	-120.822323897578	266.620499447466
-106.861847310249	-110.162721141397	260.301142304894
-123.778469769424	-95.8376910438907	252.722975624229
-137.68711610586	-79.3784046148143	244.865098726438
-148.346323296707	-62.0637659825507	236.916586404332
-156.968400842263	-44.8229154642043	227.434265232543
-163.725917875248	-25.8828393357817	219.453255848721
-165.717360830115	-4.0426241420443	210.045489319619
-162.886173890522	17.6096628067064	198.138058756564
-157.53512503179	37.7386802437944	184.515979782611
35.0604035188974	-101.410499908173	285.675701420773
51.6983006939454	-111.412993199917	273.438739707948
68.3146158960821	-117.126871318503	259.245062493575
88.1050758761233	-115.147553822866	250.666858785576
104.871507771404	-106.349473902684	241.429991090062
119.39982714208	-94.4328821096741	230.207662943159
132.243275122012	-79.4791801004128	219.375398931241
142.329502975431	-62.579177341958	208.289620354168
149.906187548963	-45.696418818717	195.808395112975
155.572576998102	-26.9950650963286	185.046189514841
156.224700338674	-7.40591572697114	174.694761156039
152.327924593614	10.5599081005473	164.927546474507
147.826778190106	26.8081126566439	156.182445324
-36.7023535977637	-111.011859116313	267.61221400313
-49.2723919397257	-121.142926605186	261.662787198003
-65.1639052101748	-128.168215518869	248.641697731023
-86.0348380646986	-127.638339616768	240.329771944271
-106.146330707979	-120.18075561542	234.125877980179
-123.554953998855	-107.719385578456	226.620516243723
-138.546833870593	-93.7824297145285	217.208915475472
-149.831663304743	-77.9046114965798	208.545967001914
-158.469814572998	-61.8719545027867	199.690297961183
-164.374467786907	-44.0890267495634	192.195930592094
-166.666169513704	-25.7768530441108	181.96694033535
-165.607896721533	-7.25959689112671	170.49053686359
-161.506530527445	10.667277996522	157.758308856141
33.1572086741692	-103.104031522606	259.728266313498
47.8629073490184	-114.049551985406	251.795252305941
61.4710408407039	-122.790806837834	236.66580772053
80.383142143728	-122.670274098698	225.034442484006
98.8662166883263	-114.939674217026	216.587392473055
114.108888109068	-102.424048236207	206.630294724214
128.487867701887	-88.7299430865936	195.913331882657
138.678806872458	-72.5749156958207	184.049676548726
146.634204524201	-55.6365573488957	173.620564552116
150.84427165558	-36.7964500955116	164.805567730883
150.380613887688	-18.5543457938905	154.1414102466
148.371750699809	-1.17979046653595	143.238018281676
143.68979106065	12.800480741054	133.410744312764
-38.4185222229792	-111.200134527812	244.109377980114
-47.6010668323718	-119.363755911473	236.319692685662
-61.6178022781557	-126.750370627524	225.924671708907
-78.3027514675062	-128.108998334491	215.540380610632
-95.1022356125967	-122.182133023756	208.7497694491
-110.181406471573	-113.151847251897	200.647358682405
-124.729729303393	-103.302905906361	192.564995970338
-137.326923184556	-91.9160681542016	183.93482116544
-147.843002356287	-79.3921330516328	174.710910491355
-157.177494826584	-65.2728111316164	166.512075892869
-163.944135694539	-50.3856173934885	156.470536937798
-168.063010051573	-33.7947906841129	146.492201349027
-168.777118693384	-16.3891656555723	135.992273222835
31.543526088812	-104.490669274437	233.765894917047
44.145337090483	-112.420789254049	225.392588496538
54.7837917025665	-118.909992947406	213.082093097672
67.879031806128	-119.511297568368	203.229546523982
83.3073282224802	-113.856931319719	195.11034709155
97.2775192237762	-105.767826537407	185.158326905166
109.992925389905	-95.087189877613	175.275030086785
121.728750236694	-83.2411427904928	164.795073139585
131.651872280989	-71.1552367578075	153.376638492875
139.390430886876	-56.8824373646174	142.934084910649
143.97762576287	-41.4432923781831	132.146820482001
145.601222541716	-25.2802950710463	120.454053214063
144.808148486675	-8.56483352838632	109.683387115598
-37.0506095772379	-110.909025954873	213.735618745207
-48.692554616544	-116.586619410276	211.304176137945
-60.6909579554806	-120.381850403235	204.154658662872
-73.2631502839151	-122.372950707987	195.620022725832
-86.1983650097972	-122.264303963142	187.271445819022
-99.4821806624521	-119.071496557144	180.031659069588
-112.580241398235	-113.019511070622	173.379118044486
-123.521773811591	-106.014138407042	164.401992729606
-133.851932000531	-97.2956203015098	156.297563125271
-143.128407461696	-87.601253155438	147.889058621076
-151.10623392331	-76.6196170769255	139.934359755324
-156.997012212242	-64.4312437154122	132.60395311816
-160.453775402755	-51.3716417563005	124.709824864286
24.0987143655528	-102.911944726531	205.456775913099
34.6689218150536	-110.358509937874	199.466686967517
45.2760347355946	-114.018802981537	189.269689266871
56.6003639412028	-115.370524462275	178.400400855372
69.0110962911482	-114.415727735244	167.438346574489
82.6200072244441	-110.283515005595	158.851516165756
94.6190087401556	-102.929596972929	149.302355442601
104.749120006468	-93.5915581165757	139.091389507489
114.453646821924	-82.7568283469573	130.039672793492
122.940533662543	-71.2639802830211	120.944641656745
129.893947925748	-58.2956211978865	113.713795025103
133.873776781755	-45.0681763521837	107.06582354391
135.27885589837	-33.1516894161842	101.488241132136
'Recons_K2_SM
17.9384613037109	-137.341833496094	-509.806494140625
12.2525352478027	-129.440673828125	-516.842724609375
15.8711135864258	-134.364990234375	-529.531494140625
15.0817489624023	-130.443408203125	-535.040478515625
16.5307022094727	-118.178881835938	-542.509375
15.3941314697266	-122.652368164063	-552.113818359375
14.0762542724609	-122.064501953125	-563.29072265625
13.5576293945313	-115.967443847656	-572.1107421875
13.7533996582031	-116.114440917969	-582.457861328125
13.7619232177734	-113.599108886719	-589.562109375
16.044221496582	-113.916564941406	-599.976123046875
16.8831069946289	-116.649548339844	-609.463232421875
16.636930847168	-107.50771484375	-623.509619140625
16.589436340332	-109.819567871094	-634.4990234375
19.9531494140625	-110.0466796875	-644.808447265625
19.0261871337891	-113.586279296875	-657.378564453125
19.4070526123047	-114.713977050781	-667.714306640625
18.0806365966797	-117.825305175781	-680.72724609375
20.0479583740234	-117.809558105469	-694.95859375
22.5150497436523	-121.067785644531	-704.988720703125
23.3828750610352	-118.494372558594	-720.333056640625
23.0018600463867	-121.14609375	-736.2990234375
-16.4895797729492	-130.6509765625	-509.006396484375
-14.659928894043	-130.5359375	-517.77890625
-20.0306640625	-127.218640136719	-523.382958984375
-18.1009857177734	-129.778491210938	-533.796875
-15.0008590698242	-126.443395996094	-546.287548828125
-15.1387756347656	-125.801037597656	-553.867578125
-12.498046875	-121.156140136719	-563.309228515625
-12.2326011657715	-119.625732421875	-569.526953125
-10.7481788635254	-113.967541503906	-580.6974609375
-10.4445037841797	-111.555615234375	-589.94794921875
-12.9112060546875	-117.611413574219	-604.372607421875
-13.6754776000977	-117.494189453125	-614.091455078125
-15.4677856445313	-107.886145019531	-623.14208984375
-13.5734725952148	-111.124975585938	-632.24345703125
-10.1210624694824	-109.604028320313	-644.790625
-9.60554885864258	-109.849658203125	-654.43544921875
-11.7586410522461	-111.786840820313	-669.967529296875
-11.2794555664063	-110.834118652344	-678.962255859375
-13.15498046875	-112.871862792969	-691.688232421875
-16.0928237915039	-114.360205078125	-702.076416015625
-14.1704437255859	-113.406530761719	-724.039794921875
-15.8633560180664	-115.924743652344	-732.602978515625
42.0271575927734	-177.303295898438	-569.62763671875
51.1433258056641	-186.455126953125	-575.38916015625
43.8068145751953	-202.317626953125	-600.3345703125
46.2542816162109	-207.30927734375	-612.31513671875
46.7088317871094	-221.608178710938	-637.696630859375
53.4392944335938	-223.570434570313	-649.086279296875
60.4242126464844	-233.891357421875	-665.128173828125
58.6045471191406	-233.453491210938	-680.259375
63.2414672851563	-246.35615234375	-699.407666015625
63.65625	-247.5908203125	-714.27294921875
76.5250549316406	-249.923095703125	-734.78623046875
83.1498352050781	-249.967651367188	-750.1283203125
86.9019104003906	-258.20458984375	-766.04111328125
94.2518920898438	-257.331640625	-781.040283203125
111.580029296875	-257.667041015625	-793.83701171875
120.248266601563	-256.889819335938	-802.1142578125
130.808837890625	-254.158740234375	-815.92978515625
141.347241210938	-245.000830078125	-822.21884765625
157.099230957031	-212.628881835938	-831.35390625
155.648327636719	-205.859716796875	-838.2625
143.383264160156	-185.52724609375	-829.821875
141.776550292969	-184.0392578125	-833.57216796875
-32.6759033203125	-188.127355957031	-559.757958984375
-52.815234375	-191.337487792969	-561.939697265625
-47.6627075195313	-208.180859375	-588.841845703125
-51.0195434570313	-213.9068359375	-596.0193359375
-58.0079833984375	-228.993701171875	-621.368212890625
-60.69013671875	-230.361157226563	-633.283251953125
-59.8184326171875	-245.927221679688	-657.39873046875
-63.4590393066406	-246.17041015625	-671.52744140625
-67.6489196777344	-259.409228515625	-688.271484375
-68.2242431640625	-261.588696289063	-700.395361328125
-78.3909423828125	-261.170458984375	-720.830712890625
-79.0028381347656	-263.9244140625	-734.22529296875
-103.313134765625	-264.19228515625	-752.765185546875
-109.440576171875	-261.717041015625	-769.037646484375
-124.468933105469	-259.49990234375	-783.25126953125
-128.305676269531	-254.857958984375	-793.19658203125
-147.174450683594	-237.516088867188	-806.737548828125
-151.8353515625	-233.361474609375	-815.609716796875
-159.065197753906	-202.044958496094	-821.40830078125
-158.680017089844	-198.820812988281	-828.5037109375
-145.791186523438	-179.301232910156	-823.408984375
-142.699060058594	-176.953552246094	-828.65927734375
-0.89016056060791	-144.671508789063	-517.48779296875
-2.85425815582275	-192.420227050781	-557.610986328125
13.7065811157227	-188.706860351563	-559.46904296875
-9.22963638305664	-213.333959960938	-592.94091796875
16.4166519165039	-210.1466796875	-594.125537109375
6.50336761474609	-203.168383789063	-577.620947265625
-9.14038619995117	-218.589282226563	-605.828369140625
16.4661575317383	-214.157885742188	-608.5498046875
18.9528259277344	-229.115478515625	-631.419140625
19.603857421875	-242.597094726563	-651.930859375
20.5447540283203	-252.224584960938	-670.66748046875
15.9668380737305	-256.966186523438	-690.691162109375
-1.75312385559082	-259.9171875	-702.973828125
-6.7454460144043	-257.76416015625	-686.282373046875
-16.4033279418945	-254.945288085938	-666.4458984375
-13.7704071044922	-247.016967773438	-648.732177734375
-14.307438659668	-232.547387695313	-626.162890625
23.6144302368164	-136.389477539063	-510.75166015625
30.5670501708984	-134.705444335938	-512.31376953125
37.4536041259766	-133.34072265625	-514.9984375
43.1495361328125	-133.951391601563	-518.480810546875
48.5922729492188	-135.442590332031	-522.40029296875
54.0559753417969	-137.630700683594	-527.02041015625
57.3563903808594	-140.524755859375	-531.353515625
58.9635375976563	-144.898205566406	-536.60634765625
58.153564453125	-150.298840332031	-542.203125
56.6504638671875	-155.302197265625	-547.207958984375
54.6874145507813	-160.639318847656	-552.47978515625
52.3028747558594	-166.308239746094	-558.3732421875
48.9945587158203	-171.671606445313	-564.389697265625
-26.3183959960938	-129.393798828125	-516.519677734375
-32.1115966796875	-129.546447753906	-519.19677734375
-37.4396484375	-130.480322265625	-521.164208984375
-42.5893615722656	-132.424169921875	-523.15791015625
-47.1265991210938	-135.436779785156	-525.479443359375
-50.6299194335938	-139.44130859375	-528.30595703125
-52.9876159667969	-144.366625976563	-531.67119140625
-53.8610046386719	-149.975244140625	-535.50927734375
-52.7287353515625	-156.034094238281	-539.863623046875
-50.3238586425781	-161.424060058594	-543.747802734375
-47.7099670410156	-166.772204589844	-547.2162109375
-44.2527282714844	-173.82958984375	-551.5072265625
-39.777734375	-181.009606933594	-555.724755859375
25.7454376220703	-125.246655273438	-528.02333984375
34.7394683837891	-117.933618164063	-527.304052734375
46.8320648193359	-114.728198242188	-528.4041015625
59.3616638183594	-117.643212890625	-531.96953125
70.5952026367188	-122.256823730469	-537.567138671875
78.8818054199219	-127.82744140625	-544.437646484375
85.1417175292969	-136.783740234375	-553.90166015625
86.7115783691406	-148.0638671875	-562.78037109375
86.1329650878906	-159.942260742188	-571.556884765625
82.8073303222656	-172.206005859375	-581.57890625
75.0083251953125	-184.268859863281	-590.202685546875
64.6272705078125	-193.565270996094	-596.050732421875
54.3608581542969	-198.750244140625	-598.97734375
-29.9989807128906	-123.765307617188	-528.61826171875
-38.4237213134766	-120.42265625	-531.311474609375
-47.1831329345703	-117.218225097656	-532.31455078125
-55.1147094726563	-116.143029785156	-533.0828125
-63.9270263671875	-117.616027832031	-534.587451171875
-73.7323669433594	-122.185119628906	-537.184423828125
-82.7715026855469	-130.895690917969	-541.457177734375
-87.4093017578125	-144.298400878906	-547.972607421875
-87.3124267578125	-158.86708984375	-555.603076171875
-83.8146850585938	-172.352844238281	-563.58642578125
-77.5065856933594	-184.087097167969	-571.1486328125
-69.1278564453125	-193.348486328125	-577.546533203125
-59.7360168457031	-200.533837890625	-582.900927734375
21.8532241821289	-116.8517578125	-542.790771484375
33.7820709228516	-113.103332519531	-544.157421875
49.2835296630859	-105.925756835938	-547.400390625
66.0193298339844	-104.54404296875	-552.15615234375
81.5316223144531	-110.189636230469	-558.87138671875
92.8207641601563	-118.798291015625	-565.993115234375
100.704241943359	-130.244763183594	-574.5396484375
105.423974609375	-143.613928222656	-584.29130859375
105.850915527344	-158.487170410156	-593.844970703125
102.742797851563	-173.485656738281	-603.328271484375
93.7144714355469	-187.9107421875	-612.9365234375
80.4337707519531	-201.174694824219	-623.40009765625
64.8062866210938	-212.17734375	-631.9037109375
-23.4740707397461	-116.480871582031	-544.12265625
-33.1744903564453	-107.828271484375	-542.671875
-44.2317474365234	-102.102117919922	-542.609912109375
-53.9209899902344	-100.745233154297	-544.056103515625
-64.213427734375	-102.107000732422	-546.774169921875
-77.1333557128906	-107.361254882813	-551.91142578125
-89.4070190429688	-118.419616699219	-560.82587890625
-98.5370422363281	-135.699304199219	-571.1162109375
-103.447229003906	-154.802600097656	-580.12578125
-103.112658691406	-173.237475585938	-589.526806640625
-97.4897033691406	-190.670764160156	-597.83076171875
-88.5196533203125	-206.739965820313	-605.82490234375
-75.0444030761719	-219.311694335938	-614.032080078125
20.5955078125	-114.863208007813	-562.168017578125
29.4400299072266	-106.263647460938	-561.394384765625
47.3599273681641	-95.2449279785156	-563.595849609375
67.6901672363281	-92.5115295410156	-571.29033203125
85.6204162597656	-98.077587890625	-581.35625
97.5941345214844	-106.74375	-591.672216796875
106.768725585938	-118.622448730469	-602.234130859375
112.943017578125	-133.34072265625	-612.36826171875
117.950610351563	-148.028161621094	-623.77392578125
122.080102539063	-164.587219238281	-636.26494140625
116.283227539063	-187.204528808594	-647.758056640625
100.507366943359	-208.7494140625	-658.7408203125
78.0373779296875	-224.020825195313	-663.450048828125
-19.6571960449219	-111.345654296875	-561.83388671875
-29.10400390625	-101.454119873047	-560.558935546875
-40.8313171386719	-93.2457153320313	-561.492822265625
-51.8207702636719	-88.4625854492188	-565.248828125
-65.5844482421875	-85.9271545410156	-571.371533203125
-85.7453002929688	-91.5882995605469	-580.515380859375
-101.963079833984	-105.42509765625	-591.047705078125
-113.545373535156	-125.162866210938	-603.33857421875
-117.662817382813	-146.267358398438	-614.47685546875
-118.493798828125	-168.478942871094	-625.251513671875
-113.864306640625	-191.759948730469	-634.7796875
-102.712121582031	-214.111157226563	-643.979443359375
-84.4137268066406	-231.936279296875	-650.976611328125
20.4565872192383	-111.214038085938	-581.9447265625
31.0101898193359	-104.011511230469	-581.939599609375
50.1955352783203	-93.127001953125	-586.5658203125
70.7118347167969	-87.3270263671875	-595.710986328125
90.5331237792969	-90.9378295898438	-605.000830078125
105.65859375	-99.6201965332031	-615.28330078125
116.455249023438	-112.975939941406	-626.368798828125
123.713537597656	-129.159240722656	-638.291259765625
128.765405273438	-148.406518554688	-649.102734375
129.55234375	-168.909741210938	-661.863623046875
123.301062011719	-191.745520019531	-675.934765625
108.484167480469	-214.9111328125	-688.65048828125
87.3644958496094	-232.650756835938	-696.598828125
-18.3185150146484	-107.383898925781	-581.415185546875
-29.510009765625	-99.4743408203125	-582.795263671875
-43.4639862060547	-92.3099731445313	-585.559423828125
-57.1045349121094	-86.0290771484375	-592.705224609375
-71.9619689941406	-84.6872680664063	-602.059375
-90.1050659179688	-92.37138671875	-612.21103515625
-106.051232910156	-105.599792480469	-623.256689453125
-119.4994140625	-123.453112792969	-633.282177734375
-128.570202636719	-144.702001953125	-642.25498046875
-132.47509765625	-169.800866699219	-651.316064453125
-129.432336425781	-197.710327148438	-662.49365234375
-115.530737304688	-224.424780273438	-671.350390625
-93.6379943847656	-244.92373046875	-680.749365234375
18.6462692260742	-108.627478027344	-600.510546875
25.7476409912109	-97.2452514648438	-602.216015625
45.4727355957031	-84.7004211425781	-607.851025390625
66.7076171875	-82.4294128417969	-618.4537109375
85.9875549316406	-89.1479614257813	-629.088720703125
102.057147216797	-99.5989990234375	-637.366845703125
114.9365234375	-113.021496582031	-647.27626953125
126.933325195313	-128.625	-657.240185546875
134.395043945313	-148.718347167969	-668.830517578125
136.700158691406	-169.4099609375	-684.54541015625
130.940588378906	-191.726782226563	-701.770166015625
117.479223632813	-214.083837890625	-715.400341796875
97.6643310546875	-232.955517578125	-727.562353515625
-20.5242034912109	-108.40546875	-605.3669921875
-30.9097930908203	-97.6762573242188	-606.503125
-44.2133758544922	-87.7753967285156	-608.52177734375
-60.9732116699219	-82.2522644042969	-616.115283203125
-77.4014953613281	-84.2054992675781	-624.890283203125
-95.15791015625	-93.5821105957031	-634.564990234375
-111.099938964844	-108.174963378906	-646.40986328125
-124.522668457031	-125.408337402344	-659.471484375
-133.833361816406	-145.560766601563	-673.25283203125
-138.882861328125	-170.848107910156	-684.58974609375
-137.822448730469	-197.79267578125	-696.333349609375
-127.451220703125	-225.081201171875	-707.8296875
-106.283984375	-248.62158203125	-716.586083984375
18.4855056762695	-106.09111328125	-623.830224609375
29.6552947998047	-99.1106201171875	-626.604443359375
47.2263732910156	-91.4555541992188	-632.82373046875
66.8842651367188	-89.3731079101563	-640.806787109375
86.5881652832031	-92.9193420410156	-648.5431640625
105.15185546875	-99.8067932128906	-658.305078125
121.3638671875	-110.751025390625	-671.5068359375
132.880895996094	-126.331555175781	-687.0900390625
140.017785644531	-146.020251464844	-703.19775390625
142.948352050781	-168.098791503906	-719.25009765625
138.758422851563	-192.773840332031	-733.220458984375
127.552868652344	-214.963696289063	-747.339892578125
110.53740234375	-235.141186523438	-759.76884765625
-19.3686264038086	-103.2646484375	-624.356396484375
-30.1726745605469	-91.698974609375	-628.400537109375
-45.6688812255859	-82.4631530761719	-636.792431640625
-61.7207580566406	-77.7579895019531	-647.6296875
-80.49365234375	-79.3273803710938	-658.643994140625
-100.761376953125	-90.9794860839844	-668.164599609375
-117.588623046875	-107.556457519531	-679.43125
-131.055358886719	-126.635656738281	-691.497802734375
-139.910754394531	-148.580065917969	-705.0833984375
-144.678820800781	-174.288342285156	-718.335107421875
-145.820715332031	-201.323291015625	-729.45546875
-139.614587402344	-228.22783203125	-740.2837890625
-123.100280761719	-251.246875	-746.584130859375
23.4289260864258	-106.66962890625	-645.8380859375
33.5508758544922	-97.1409790039063	-649.075146484375
49.5643127441406	-86.8002319335938	-656.2111328125
68.7632202148438	-82.1559448242188	-665.40205078125
86.4372436523438	-84.1075866699219	-678.527685546875
104.359289550781	-93.1417724609375	-692.819140625
120.710791015625	-105.53134765625	-707.697216796875
135.60068359375	-121.310668945313	-723.933154296875
147.067504882813	-141.589868164063	-740.452685546875
154.741088867188	-166.196374511719	-754.97099609375
153.558911132813	-194.108837890625	-766.0486328125
145.142761230469	-220.859619140625	-777.831591796875
128.9697265625	-244.066430664063	-787.85556640625
-16.5469650268555	-100.775964355469	-646.457470703125
-28.5299438476563	-89.8445678710938	-652.55244140625
-44.3867980957031	-81.2826721191406	-663.481591796875
-61.8380432128906	-75.5593811035156	-674.50498046875
-80.2198608398438	-80.3704711914063	-685.802001953125
-99.7417846679688	-91.4951721191406	-694.83173828125
-117.480859375	-106.164050292969	-705.18876953125
-132.397155761719	-124.53623046875	-716.343701171875
-144.284289550781	-144.220471191406	-729.574609375
-153.682336425781	-166.3041015625	-742.698828125
-159.342126464844	-190.523168945313	-755.72724609375
-157.687927246094	-216.588745117188	-767.99267578125
-145.2701171875	-241.194165039063	-777.7349609375
22.5177139282227	-113.071826171875	-669.14990234375
34.7312438964844	-105.177868652344	-675.31474609375
47.6649444580078	-94.0170349121094	-682.6
64.1166320800781	-86.2354187011719	-691.497900390625
80.5944946289063	-86.9946228027344	-702.198681640625
97.1979858398438	-94.1099060058594	-714.22412109375
113.363354492188	-106.486730957031	-726.163134765625
127.763891601563	-120.584484863281	-741.94365234375
141.008349609375	-136.883935546875	-757.424755859375
150.272290039063	-156.472265625	-772.4376953125
155.197082519531	-178.501000976563	-785.57119140625
157.416137695313	-202.494140625	-797.187548828125
151.805480957031	-229.8638671875	-807.455712890625
-17.9824447631836	-100.411853027344	-672.926904296875
-29.1782135009766	-89.2652893066406	-678.887255859375
-45.3198211669922	-81.2145751953125	-689.87236328125
-62.8281921386719	-78.3875671386719	-702.6216796875
-81.8254455566406	-82.3840576171875	-714.36513671875
-101.702606201172	-91.3212707519531	-725.516650390625
-120.531982421875	-104.76083984375	-734.569384765625
-136.028637695313	-121.042626953125	-745.027734375
-148.308435058594	-139.0505859375	-756.95146484375
-157.512414550781	-158.577685546875	-769.070361328125
-163.055493164063	-179.470227050781	-780.1623046875
-163.362060546875	-200.088659667969	-790.82705078125
-156.987463378906	-219.934716796875	-800.28603515625
25.3737594604492	-111.50244140625	-696.175390625
35.1445983886719	-101.445806884766	-700.819091796875
47.1266906738281	-91.3830200195313	-711.721337890625
63.1986938476563	-85.4311462402344	-722.047607421875
78.4285217285156	-87.2180297851563	-734.389208984375
95.6590454101563	-93.3351806640625	-744.314306640625
112.448742675781	-102.944714355469	-754.27939453125
126.029565429688	-117.177233886719	-765.592578125
137.750939941406	-133.078088378906	-776.991259765625
146.10634765625	-149.361462402344	-789.436181640625
152.019348144531	-165.749609375	-801.6859375
155.726635742188	-182.167529296875	-814.284130859375
157.448596191406	-198.872155761719	-824.54560546875
-18.870979309082	-105.869543457031	-693.337744140625
-28.7961334228516	-95.5196533203125	-698.9029296875
-41.4000183105469	-87.8386413574219	-710.009326171875
-57.9157043457031	-85.4109619140625	-720.697412109375
-75.5123352050781	-87.8419250488281	-731.300146484375
-93.5310729980469	-92.6779968261719	-741.49736328125
-112.302966308594	-100.264825439453	-750.07080078125
-127.5814453125	-112.574731445313	-760.6013671875
-139.068115234375	-127.861608886719	-771.155810546875
-149.160131835938	-142.797900390625	-782.6853515625
-157.632336425781	-156.992321777344	-795.130908203125
-162.596459960938	-172.646569824219	-806.53076171875
-162.364221191406	-188.032678222656	-815.123876953125
28.8061004638672	-111.816735839844	-723.797705078125
36.6339324951172	-103.848681640625	-729.733837890625
47.1024597167969	-97.2781127929688	-738.421484375
59.2682312011719	-92.8846069335938	-746.37216796875
71.5084838867188	-91.9757690429688	-755.380908203125
83.0790405273438	-95.9396484375	-764.681396484375
93.97421875	-104.002856445313	-772.85322265625
104.280847167969	-113.770056152344	-781.437060546875
114.460229492188	-123.901000976563	-790.15400390625
123.384631347656	-134.611962890625	-798.875048828125
130.663635253906	-146.439831542969	-806.921728515625
136.081091308594	-159.035083007813	-814.54990234375
140.020031738281	-172.013037109375	-822.146484375
-20.3553665161133	-106.981896972656	-726.165625
-29.2595764160156	-99.3208801269531	-729.61669921875
-41.2501220703125	-93.5931091308594	-735.011376953125
-55.182861328125	-89.93037109375	-740.701611328125
-70.065478515625	-88.5411743164063	-747.618310546875
-83.7344665527344	-91.3635009765625	-757.235986328125
-97.5514709472656	-97.2370056152344	-765.1916015625
-110.645471191406	-104.94208984375	-772.82890625
-121.573974609375	-114.191198730469	-781.689599609375
-130.075952148438	-125.095703125	-790.91064453125
-136.794287109375	-137.504113769531	-799.67451171875
-141.124584960938	-150.733129882813	-808.55166015625
-143.702307128906	-164.772229003906	-816.639208984375
23.5192260742188	-126.171862792969	-512.745703125
31.7818817138672	-121.504431152344	-513.038818359375
38.7007690429688	-118.372521972656	-513.952783203125
44.7294311523438	-118.347961425781	-515.84658203125
52.7905090332031	-121.247521972656	-520.029931640625
61.2786071777344	-126.130871582031	-524.778076171875
68.5192199707031	-132.122717285156	-529.81455078125
72.9142944335938	-138.205541992188	-536.826904296875
74.641162109375	-144.913330078125	-544.639599609375
73.4016540527344	-152.388256835938	-551.780615234375
70.3365051269531	-160.73935546875	-559.308251953125
66.1350646972656	-169.25166015625	-565.62158203125
60.7824768066406	-179.462280273438	-570.6052734375
-24.8338760375977	-124.338525390625	-520.436865234375
-31.1353393554688	-119.381311035156	-518.70712890625
-38.2267364501953	-116.209912109375	-518.052294921875
-46.1015502929688	-117.066552734375	-518.9447265625
-52.6265502929688	-121.278198242188	-520.9650390625
-58.4129333496094	-125.166821289063	-523.8310546875
-63.89287109375	-128.731579589844	-527.276025390625
-68.4354919433594	-134.266564941406	-530.603515625
-71.6068481445313	-142.584497070313	-533.958203125
-73.1388793945313	-152.220446777344	-538.429931640625
-72.2383178710938	-161.794091796875	-544.036669921875
-68.7208374023438	-171.1978515625	-550.63720703125
-62.9544189453125	-179.805102539063	-556.727294921875
22.1147201538086	-115.388366699219	-527.9666015625
32.5620147705078	-106.393835449219	-528.1697265625
50.3553497314453	-102.993981933594	-528.433935546875
67.1359191894531	-106.717541503906	-532.307568359375
82.9811340332031	-113.031274414063	-539.2326171875
91.4730346679688	-122.613012695313	-547.301953125
96.021923828125	-133.630639648438	-555.954833984375
98.4861083984375	-145.927404785156	-565.71806640625
98.0426635742188	-159.545825195313	-575.05859375
93.1096069335938	-172.772668457031	-585.332568359375
85.0216064453125	-184.832922363281	-596.076513671875
73.3597229003906	-195.299426269531	-603.810400390625
59.4279724121094	-202.565686035156	-608.6228515625
-24.7687759399414	-116.312866210938	-532.32392578125
-33.5859985351563	-109.487390136719	-533.720849609375
-44.2008239746094	-104.564892578125	-534.48154296875
-52.7470092773438	-103.431518554688	-534.980029296875
-61.1299865722656	-105.003479003906	-536.14306640625
-72.4540222167969	-108.882312011719	-538.194677734375
-86.4518493652344	-117.060107421875	-541.462353515625
-97.1484680175781	-133.777478027344	-546.552294921875
-99.1925109863281	-152.605346679688	-555.1490234375
-96.3257080078125	-170.674877929688	-564.8748046875
-89.2427062988281	-185.882238769531	-574.21396484375
-78.6732727050781	-197.818090820313	-582.260888671875
-66.2379943847656	-207.490209960938	-589.547705078125
22.6552276611328	-114.019458007813	-550.982958984375
33.2265777587891	-105.131958007813	-547.97587890625
53.7275451660156	-97.2742919921875	-548.12890625
72.5708740234375	-98.99609375	-555.14658203125
90.1065246582031	-106.798937988281	-563.303466796875
100.919604492188	-115.444592285156	-572.172119140625
108.790808105469	-128.27529296875	-581.28408203125
113.168444824219	-142.50966796875	-591.97900390625
113.10244140625	-156.801696777344	-603.985205078125
109.797302246094	-171.774670410156	-614.095458984375
99.9732604980469	-189.301940917969	-621.9580078125
81.9464172363281	-205.918823242188	-634.264111328125
65.8981872558594	-216.933471679688	-643.488720703125
-21.9594131469727	-113.516577148438	-550.2814453125
-32.2677703857422	-104.009399414063	-547.169384765625
-43.0086669921875	-95.1871948242188	-548.8794921875
-52.4218872070313	-91.6412170410156	-551.33896484375
-63.9449401855469	-93.2241577148438	-553.138818359375
-79.3897094726563	-100.685015869141	-558.718798828125
-93.0199584960938	-113.284338378906	-567.493017578125
-104.654797363281	-131.0744140625	-576.816162109375
-111.25966796875	-150.626232910156	-586.70068359375
-111.118737792969	-171.373876953125	-596.86796875
-104.490319824219	-190.550610351563	-606.069384765625
-91.4354858398438	-208.732055664063	-614.957470703125
-76.1105407714844	-221.251953125	-626.184814453125
20.1282073974609	-110.303564453125	-570.809521484375
28.9561645507813	-99.9678588867188	-566.865478515625
51.577685546875	-84.9835021972656	-569.985009765625
75.6486083984375	-83.6160278320313	-580.611474609375
94.8451965332031	-93.0140014648438	-590.167578125
106.66240234375	-101.362628173828	-603.056884765625
112.811877441406	-115.911682128906	-613.3546875
117.084606933594	-130.341174316406	-626.846533203125
122.483715820313	-147.857946777344	-638.915966796875
122.821801757813	-166.905810546875	-648.67431640625
113.480871582031	-186.30869140625	-659.23876953125
97.6808410644531	-206.256494140625	-668.553955078125
77.2880798339844	-220.743115234375	-676.3404296875
-21.7932281494141	-105.482885742188	-569.25625
-32.1548889160156	-95.0188110351563	-568.402392578125
-44.6589294433594	-84.730078125	-571.468408203125
-59.6402954101563	-79.5277770996094	-577.31259765625
-77.6436340332031	-82.3425659179688	-584.214453125
-95.3131958007813	-92.1451843261719	-595.868310546875
-108.449548339844	-108.027905273438	-607.787939453125
-116.80625	-127.678100585938	-618.46748046875
-120.655908203125	-148.471826171875	-628.658056640625
-120.3208984375	-171.0751953125	-638.151416015625
-114.643420410156	-194.514318847656	-647.29296875
-102.089935302734	-216.677465820313	-655.997314453125
-83.7336059570313	-234.847729492188	-664.739404296875
21.0542709350586	-107.334411621094	-589.2630859375
34.0161254882813	-98.1788818359375	-588.675390625
55.3831970214844	-86.891552734375	-597.634423828125
75.2074584960938	-84.2358276367188	-608.272119140625
95.1241088867188	-89.0548461914063	-618.348974609375
109.893127441406	-99.108740234375	-629.32978515625
120.454699707031	-114.609094238281	-638.777783203125
126.613159179688	-131.184912109375	-650.845556640625
130.8314453125	-150.65771484375	-663.6994140625
128.521435546875	-171.526086425781	-678.166650390625
120.349499511719	-194.645935058594	-690.99453125
104.876245117188	-215.962719726563	-703.086767578125
84.1449584960938	-233.877099609375	-713.17001953125
-21.4734878540039	-103.572473144531	-590.554248046875
-32.9681732177734	-96.2916381835938	-594.009716796875
-45.6535827636719	-87.4948852539063	-601.568701171875
-61.5897705078125	-81.244873046875	-608.47802734375
-79.3519714355469	-82.821240234375	-614.531591796875
-97.2610473632813	-92.1366821289063	-624.474658203125
-111.965991210938	-107.513146972656	-636.226220703125
-123.996130371094	-125.884423828125	-647.594921875
-131.999096679688	-148.079760742188	-657.4576171875
-135.412915039063	-173.715087890625	-666.337255859375
-129.48076171875	-200.711706542969	-675.06396484375
-115.494213867188	-226.306030273438	-684.2419921875
-93.5713623046875	-246.050854492188	-692.4916015625
21.1051895141602	-104.834558105469	-610.1875
30.3664886474609	-91.7116577148438	-612.505859375
51.4207092285156	-80.7528015136719	-619.281005859375
72.3246887207031	-80.1637878417969	-632.263037109375
92.2241577148438	-89.2014099121094	-639.71904296875
108.516223144531	-101.087689208984	-648.83818359375
123.198449707031	-114.382690429688	-659.941748046875
135.50009765625	-131.964416503906	-671.257177734375
140.825891113281	-153.133374023438	-686.765966796875
138.439978027344	-176.646752929688	-702.147021484375
129.687121582031	-199.218505859375	-718.05029296875
114.232556152344	-220.816577148438	-732.695458984375
95.6572204589844	-239.195678710938	-744.0564453125
-22.339338684082	-104.703881835938	-613.335595703125
-35.0651824951172	-93.4493286132813	-614.59501953125
-48.7001068115234	-81.8698974609375	-624.1666015625
-65.25224609375	-75.6028625488281	-632.9630859375
-84.1792846679688	-81.3538452148438	-640.25595703125
-101.742858886719	-95.2614196777344	-650.895068359375
-117.655639648438	-111.620874023438	-663.882373046875
-130.593725585938	-130.1353515625	-676.496142578125
-137.841455078125	-153.881787109375	-688.202392578125
-142.580407714844	-180.900219726563	-699.819189453125
-139.172338867188	-207.530932617188	-712.04287109375
-124.521203613281	-231.046264648438	-722.024755859375
-103.468188476563	-250.16396484375	-730.16904296875
22.7338409423828	-103.789135742188	-635.278515625
32.8924926757813	-92.9026611328125	-638.68994140625
51.1249237060547	-81.1694885253906	-645.997509765625
72.6714111328125	-80.8566772460938	-650.782275390625
92.9573913574219	-86.198974609375	-658.480859375
111.785192871094	-94.98701171875	-671.00625
126.780139160156	-109.460961914063	-685.104833984375
136.180676269531	-127.605224609375	-701.998291015625
144.693444824219	-148.789318847656	-717.536865234375
147.37763671875	-171.203894042969	-733.167236328125
142.192919921875	-196.357946777344	-746.31845703125
130.459545898438	-220.358447265625	-758.968701171875
114.10078125	-242.178442382813	-770.551025390625
-22.4237640380859	-100.408306884766	-633.7548828125
-32.6688934326172	-89.0696716308594	-638.559033203125
-45.3124542236328	-76.98818359375	-650.4009765625
-63.0037353515625	-72.2034851074219	-660.871875
-82.7252319335938	-77.8003845214844	-668.868896484375
-101.013140869141	-89.1786437988281	-680.705859375
-117.835046386719	-104.912744140625	-692.183642578125
-132.054162597656	-124.012780761719	-703.78818359375
-144.062878417969	-145.661279296875	-715.984033203125
-150.250830078125	-169.976428222656	-728.035302734375
-150.917956542969	-196.349108886719	-739.352783203125
-144.944384765625	-222.034375	-748.8095703125
-131.762707519531	-245.706640625	-758.98896484375
25.1999618530273	-105.814135742188	-656.989306640625
36.7463226318359	-94.9024780273438	-658.572802734375
54.0265441894531	-86.6706420898438	-667.35703125
70.4137573242188	-82.281591796875	-679.57890625
87.4054504394531	-82.224853515625	-691.67236328125
104.338989257813	-90.2033203125	-704.76669921875
119.870874023438	-103.342749023438	-718.787060546875
133.089929199219	-119.576208496094	-734.902978515625
145.1478515625	-138.858935546875	-749.498779296875
152.833801269531	-160.878491210938	-762.7677734375
155.167102050781	-185.603283691406	-773.788818359375
150.611730957031	-211.086962890625	-783.94248046875
138.744055175781	-235.5927734375	-793.007177734375
-16.2389862060547	-97.2278442382813	-657.028076171875
-30.8054229736328	-84.8298461914063	-663.22412109375
-47.0839111328125	-77.3654602050781	-676.18759765625
-64.7604919433594	-73.050341796875	-688.9966796875
-84.597705078125	-79.4478698730469	-697.9974609375
-104.483935546875	-90.9612915039063	-708.86044921875
-121.112585449219	-107.036364746094	-720.4736328125
-135.421350097656	-125.935522460938	-732.6478515625
-148.477014160156	-145.681848144531	-745.42275390625
-157.976452636719	-168.051916503906	-756.94990234375
-161.397045898438	-192.106298828125	-769.386328125
-155.896508789063	-215.39755859375	-780.271923828125
-144.79462890625	-236.8625	-789.315625
28.3820343017578	-107.185620117188	-684.315478515625
39.3415771484375	-98.3962585449219	-688.13271484375
54.6964172363281	-88.1026733398438	-696.499462890625
69.1333435058594	-81.8026672363281	-708.789306640625
85.8283142089844	-84.3376708984375	-719.422021484375
101.9638671875	-95.0549560546875	-730.044775390625
114.780712890625	-107.509118652344	-744.650146484375
127.804772949219	-122.326123046875	-759.261474609375
139.782763671875	-139.105285644531	-773.0451171875
149.821459960938	-156.917614746094	-786.25908203125
155.312036132813	-178.104174804688	-795.778857421875
156.442907714844	-200.217138671875	-805.62529296875
153.248266601563	-221.426708984375	-813.65400390625
-18.5666320800781	-98.9199829101563	-683.391796875
-30.0675598144531	-87.9507568359375	-689.8357421875
-45.1362457275391	-79.2002197265625	-701.429541015625
-61.6033874511719	-75.6588562011719	-716.141748046875
-81.3752014160156	-80.6616760253906	-727.194580078125
-100.350335693359	-90.7717529296875	-737.132080078125
-118.431457519531	-103.263500976563	-747.30859375
-135.040563964844	-118.505651855469	-756.649755859375
-148.525659179688	-135.51904296875	-767.690869140625
-157.72197265625	-155.377612304688	-777.51328125
-162.196057128906	-175.756384277344	-787.6458984375
-162.603930664063	-195.346508789063	-797.38701171875
-158.968371582031	-212.19638671875	-807.121875
29.1045806884766	-108.356945800781	-706.874365234375
37.1168151855469	-100.798181152344	-712.372265625
49.5861572265625	-91.7026000976563	-722.294189453125
62.8322814941406	-86.5287780761719	-734.352197265625
78.0148071289063	-85.4153259277344	-745.23828125
93.4984924316406	-91.7866394042969	-754.754931640625
107.952038574219	-102.611315917969	-764.53759765625
121.600573730469	-114.218493652344	-776.954541015625
133.014221191406	-129.63974609375	-786.28828125
143.328271484375	-144.356872558594	-797.25546875
150.504113769531	-160.388696289063	-808.804345703125
153.859228515625	-176.892065429688	-819.49365234375
155.1775390625	-191.447692871094	-829.50166015625
-22.5079833984375	-101.45263671875	-704.486962890625
-33.7769714355469	-90.6153076171875	-712.021923828125
-45.8206604003906	-84.3166198730469	-723.938818359375
-58.8411254882813	-81.9669128417969	-734.975439453125
-76.0063659667969	-85.1083251953125	-744.2546875
-92.9751647949219	-91.2144653320313	-753.41357421875
-109.331286621094	-99.1114135742188	-762.71748046875
-123.745617675781	-110.122399902344	-771.969921875
-135.803393554688	-123.362890625	-781.836328125
-146.468090820313	-137.544299316406	-792.217626953125
-155.245556640625	-152.627124023438	-802.53310546875
-160.714306640625	-168.940319824219	-812.190966796875
-161.419946289063	-183.796423339844	-820.431640625
29.3065643310547	-111.245202636719	-735.323583984375
37.3759338378906	-102.580615234375	-738.83447265625
47.1717346191406	-96.0965026855469	-746.46689453125
57.4156982421875	-93.4737182617188	-756.506884765625
68.2329833984375	-92.7949584960938	-766.215087890625
79.7734191894531	-95.0933471679688	-775.144482421875
91.1980224609375	-101.944342041016	-783.1396484375
101.455316162109	-111.159826660156	-791.28125
110.818017578125	-121.051330566406	-800.04267578125
119.606176757813	-131.942602539063	-808.205126953125
127.268615722656	-144.038732910156	-815.179248046875
133.460974121094	-156.784729003906	-821.49921875
138.206616210938	-170.226513671875	-827.6955078125
-21.9873168945313	-105.070666503906	-734.727978515625
-32.2968811035156	-96.6036254882813	-738.512109375
-44.8393798828125	-91.0519287109375	-744.8046875
-57.8118041992188	-86.7804321289063	-753.049853515625
-72.2678161621094	-86.2725341796875	-761.730517578125
-86.9396362304688	-90.3412414550781	-769.871044921875
-101.128753662109	-97.4649963378906	-777.158984375
-112.939294433594	-106.208361816406	-786.73466796875
-122.706042480469	-117.405249023438	-795.7921875
-130.778283691406	-130.32265625	-803.574462890625
-136.113427734375	-143.823059082031	-812.422607421875
-140.144482421875	-157.789855957031	-819.67236328125
-142.084118652344	-170.5384765625	-825.53701171875
